77.36
77.36
77.00
75.92
75.74
75.92
75.56
75.56
75.02
74.12
73.76
74.12
74.48
74.66
74.48
74.30
73.94
73.58
73.22
73.04
72.86
72.50
72.50
72.32
71.96
71.78
71.60
71.42
71.06
70.88
70.52
70.16
69.98
69.62
69.26
68.90
68.54
68.18
68.00
67.82
67.64
67.46
67.28
67.28
67.10
67.10
67.28
67.28
67.46
67.46
67.82
68.00
68.36
68.72
68.90
69.26
69.80
70.52
71.06
71.60
72.32
72.86
73.40
73.76
74.30
75.20
75.56
75.74
76.28
76.82
77.00
77.18
76.82
77.36
77.72
77.72
77.72
77.72
77.36
77.18
77.00
76.46
76.46
76.46
75.92
75.74
75.56
75.38
75.20
74.66
74.30
73.76
73.58
73.22
73.04
72.32
71.96
71.42
71.06
70.52
70.34
69.98
69.80
69.44
69.08
68.90
68.54
68.18
68.00
67.64
67.46
67.28
67.28
67.28
67.10
67.28
67.28
67.46
67.46
67.82
68.18
68.54
68.90
69.44
70.16
70.88
71.60
72.32
73.04
73.94
74.66
75.20
75.92
76.64
77.36
77.90
78.44
79.16
79.52
80.06
80.60
81.14
81.68
80.60